{"id": 661, "question": "财务杠杆和经营杠杆有什么区别？", "keywords": ["财务杠杆", "经营杠杆"]}